Table_AdventureItem = {
41205,
41208,
41211,
41216,
41217,
41221,
41226,
41228,
41230,
41231,
41232,
41233,
41237,
41246,
41254,
41255,
41256,
41257,
41258,
46002,
46003,
46004,
46005,
46007,
46008,
46009,
46010,
500200,
500201,
41507,
41510,
41518,
41519,
41521,
41526,
41538,
41539,
41543,
41544,
41545,
41556,
41565,
41566,
41567,
41568,
500400,
500403,
500502,
500504,
500508,
500509,
41805,
41806,
41807,
41809,
41810,
41811,
41813,
41814,
41815,
41822,
41824,
41834,
41835,
41836,
41837,
41838,
41839,
41840,
41841,
41842,
41843,
41848,
41850,
41851,
41867,
41868,
41869,
41870,
41871,
42013,
42014,
42015,
42016,
42017,
42018,
42019,
42020,
42021,
42022,
42026,
42036,
42037,
42038,
42039,
42040,
42041,
42042,
42043,
42044,
42045,
42046,
42047,
42048,
42049,
42050,
42051,
42052,
42055,
42057,
42058,
42059,
42060,
500506,
500505,
500503,
500501,
500000,
42076,
42077,
42506,
42507,
42508,
42510,
42513,
42515,
42518,
42519,
42520,
42524,
42525,
42534,
42535,
42536,
42539,
42551,
42557,
62809,
62820,
40633,
43003,
43004,
43005,
43006,
43007,
43009,
43014,
43016,
43017,
43024,
43025,
43026,
43027,
43028,
43029,
43030,
43031,
43032,
43034,
43038,
43039,
43040,
43503,
43506,
43507,
43509,
43511,
43515,
43516,
43525,
43527,
43529,
43535,
43536,
43537,
43538,
43539,
43540,
43542,
43544,
43545,
43546,
43551,
43552,
43553,
43555,
43556,
43557,
40615,
46001,
44019,
44038,
63433,
63417,
61512,
61511,
61507,
61506,
61505,
61014,
61012,
61011,
61006,
61004,
60512,
60505,
60504,
60503,
46006,
46011,
46012,
46013,
46014,
46015,
46016,
46017,
46018,
46019,
46020,
46021,
46022,
46023,
46024,
46031,
46032,
46033,
46034,
46035,
46036,
46037,
46038,
40621,
40622,
46041,
46042,
40624,
46051,
46052,
62503,
62504,
62505,
62506,
62507,
62508,
62509,
62510,
62515,
62523,
62540,
62541,
62542,
63109,
63113,
40003,
40007,
40008,
40011,
40015,
40016,
40017,
40020,
40021,
40028,
40029,
40031,
40034,
40038,
40041,
40047,
40055,
40057,
40058,
40059,
44032,
44031,
44030,
44029,
44027,
44023,
44022,
44021,
44020,
44016,
44011,
44010,
44009,
44008,
44007,
44006,
44005,
44004,
44003,
44002,
44001,
42081,
42080,
42075,
42074,
42073,
42012,
42011,
42010,
42009,
42008,
42007,
42006,
42005,
42004,
42003,
42002,
41509,
41504,
40306,
40308,
40310,
40311,
40314,
40317,
40319,
40322,
40335,
40336,
40337,
40346,
40359,
40360,
40361,
40652,
40613,
40611,
40610,
40607,
40606,
40620,
40635,
40636,
40660,
40661,
40662,
40663,
40664,
40711,
40715,
40716,
40719,
40723,
40724,
40730,
40733,
40734,
40735,
40736,
40737,
40738,
40742,
40743,
40744,
40745,
40746,
40747,
40766,
40767,
40904,
40909,
40912,
40914,
40919,
40920,
40925,
40926,
40944,
40945,
}